1 0 10046
2 10046 7752
3 17798 9559
4 27357 12548
5 39905 16412
6 56317 9338
7 65655 14165
8 79820 12987
9 92807 8296
10 101103 21113
11 122216 13215
12 135431 44896
13 180327 23091
14 203418 21952
15 225370 8712
16 234082 237
17 234319 4137
18 238456 12701
19 251157 15814
20 266971 12359
21 279330 3936
22 283266 33625
23 316891 2420
24 319311 2303
25 321614 2503
26 324117 6094
27 330211 8369
28 338580 15795
29 354375 389
30 354764 6943
31 361707 4219
32 365926 5591
33 371517 3482
34 374999 4325
35 379324 4107
36 383431 6600
37 390031 3836
38 393867 5562
39 399429 3455
40 402884 4535
41 407419 2886
42 410305 4133
43 414438 3734
44 418172 336
45 418508 356
46 418864 309
47 419173 345
48 419518 1762
49 421280 10206
50 431486 55742
51 487228 10390
52 497618 8925
53 506543 7683
54 514226 6511
55 520737 5534
56 526271 5399
57 531670 6955
58 538625 11890
59 550515 5345
60 555860 6636
61 562496 3963
62 566459 6362
63 572821 5053
64 577874 6934
65 584808 4264
66 589072 8251
67 597323 5068
68 602391 4571
69 606962 17442
70 624404 3204
71 627608 8014
72 635622 3811
73 639433 5470
74 644903 10516
75 655419 7515
76 662934 8451
77 671385 24919
78 696304 15724
79 712028 5561
80 717589 3547
81 721136 3540
82 724676 3001
83 727677 3646
84 731323 15108
85 746431 13954
86 760385 14259
87 774644 5075
88 779719 3727
89 783446 5359
90 788805 8594
91 797399 5562
92 802961 5289
93 808250 3844
94 812094 9430
95 821524 16408
96 837932 3433
97 841365 3685
98 845050 5490
99 850540 7598
100 858138 5621
101 863759 11956
102 875715 11797
103 887512 3671
104 891183 5356
105 896539 8992
106 905531 3221
107 908752 3692
108 912444 10175
109 922619 9245
110 931864 5298
111 937162 16457
112 953619 6254
113 959873 7721
114 967594 4772
115 972366 4524
116 976890 3656
117 980546 7463
118 988009 5104
119 993113 5112
120 998225 3454
121 1001679 3875
122 1005554 5730
123 1011284 5941
124 1017225 10664
125 1027889 7130
126 1035019 3699
127 1038718 3627
128 1042345 7655
129 1050000 9180
130 1059180 4282
131 1063462 6203
132 1069665 5856
133 1075521 10712
134 1086233 3581
135 1089814 7585
136 1097399 17278
137 1114677 3340
138 1118017 10128
139 1128145 5746
140 1133891 4351
141 1138242 3330
142 1141572 6065
143 1147637 4847
144 1152484 3973
145 1156457 5498
146 1161955 4776
147 1166731 5765
148 1172496 2785
149 1175281 3405
150 1178686 5184
151 1183870 15285
152 1199155 2599
153 1201754 6974
154 1208728 7786
155 1216514 15719
156 1232233 5106
157 1237339 13205
158 1250544 10415
159 1260959 6858
160 1267817 4836
161 1272653 5781
162 1278434 7659
163 1286093 7882
164 1293975 5412
165 1299387 7529
166 1306916 3571
167 1310487 4501
168 1314988 4028
169 1319016 4030
170 1323046 4255
171 1327301 16856
172 1344157 2058
173 1346215 14375
174 1360590 8902
175 1369492 8109
176 1377601 4840
177 1382441 11457
178 1393898 3437
179 1397335 5036
180 1402371 4616
181 1406987 24399
182 1431386 2066
183 1433452 5001
184 1438453 4983
185 1443436 5086
186 1448522 4223
187 1452745 4020
188 1456765 3378
189 1460143 24029
190 1484172 5383
191 1489555 15767
192 1505322 5141
193 1510463 5684
194 1516147 3290
195 1519437 6490
196 1525927 7379
197 1533306 34084
198 1567390 5809
199 1573199 4197
200 1577396 2298
201 1579694 21506
202 1601200 5213
203 1606413 4831
204 1611244 4413
205 1615657 2238
206 1617895 4565
207 1622460 4330
208 1626790 5675
209 1632465 4368
210 1636833 22580
211 1659413 4741
212 1664154 3955
213 1668109 5126
214 1673235 4616
215 1677851 5579
216 1683430 3168
217 1686598 5199
218 1691797 5635
219 1697432 6245
220 1703677 3507
221 1707184 5278
222 1712462 4858
223 1717320 3820
224 1721140 6882
225 1728022 4866
226 1732888 4504
227 1737392 25072
228 1762464 4811
229 1767275 5116
230 1772391 9529
231 1781920 10334
232 1792254 4214
233 1796468 4365
234 1800833 5963
235 1806796 24267
236 1831063 2362
237 1833425 5199
238 1838624 5501
239 1844125 4018
240 1848143 3342
241 1851485 4652
242 1856137 4931
243 1861068 19126
244 1880194 4750
245 1884944 8061
246 1893005 7948
247 1900953 7607
248 1908560 5133
249 1913693 23929
250 1937622 3854
251 1941476 6781
252 1948257 4782
253 1953039 5005
254 1958044 3529
255 1961573 15625
256 1977198 4839
257 1982037 4062
258 1986099 4129
259 1990228 4636
260 1994864 9101
261 2003965 4181
262 2008146 4571
263 2012717 4628
264 2017345 3053
265 2020398 9052
266 2029450 8292
267 2037742 3810
268 2041552 5258
269 2046810 5232
270 2052042 4934
271 2056976 19106
272 2076082 6435
273 2082517 2757
274 2085274 3461
275 2088735 5237
276 2093972 11046
277 2105018 4507
278 2109525 22507
279 2132032 2575
280 2134607 4527
281 2139134 4418
282 2143552 5306
283 2148858 2615
284 2151473 4408
285 2155881 3753
286 2159634 4383
287 2164017 6285
288 2170302 27047
289 2197349 2564
290 2199913 5378
291 2205291 5201
292 2210492 16085
293 2226577 2571
294 2229148 4139
295 2233287 3221
296 2236508 4230
297 2240738 3653
298 2244391 11021
299 2255412 10468
300 2265880 5510
301 2271390 13177
302 2284567 6758
303 2291325 4994
304 2296319 32192
305 2328511 13241
306 2341752 11139
307 2352891 7245
308 2360136 3668
309 2363804 12651
310 2376455 2986
311 2379441 8533
312 2387974 2755
313 2390729 3331
314 2394060 2326
315 2396386 16548
316 2412934 2372
317 2415306 4343
318 2419649 4403
319 2424052 2016
320 2426068 5689
321 2431757 21960
322 2453717 1990
323 2455707 2507
324 2458214 18734
325 2476948 4362
326 2481310 6622
327 2487932 9982
328 2497914 4725
329 2502639 4545
330 2507184 3891
331 2511075 1988
332 2513063 6846
333 2519909 2798
334 2522707 5126
335 2527833 3379
336 2531212 7280
337 2538492 3684
338 2542176 4959
339 2547135 7119
340 2554254 4709
341 2558963 5780
342 2564743 4457
343 2569200 22717
344 2591917 4705
345 2596622 3880
346 2600502 13587
347 2614089 2132
348 2616221 2222
349 2618443 3060
350 2621503 1786
351 2623289 19728
352 2643017 3867
353 2646884 2552
354 2649436 3025
355 2652461 2453
356 2654914 3048
357 2657962 23050
358 2681012 7397
359 2688409 2323
360 2690732 4144
361 2694876 2054
362 2696930 2101
363 2699031 6232
364 2705263 5927
365 2711190 4823
366 2716013 5407
367 2721420 4915
368 2726335 4638
369 2730973 24825
370 2755798 4194
371 2759992 4194
372 2764186 4708
373 2768894 2737
374 2771631 2510
375 2774141 2510
376 2776651 16908
377 2793559 4558
378 2798117 2177
379 2800294 8433
380 2808727 2878
381 2811605 2938
382 2814543 20760
383 2835303 10222
384 2845525 11000
385 2856525 4617
386 2861142 2949
387 2864091 5303
388 2869394 4130
389 2873524 6700
390 2880224 6908
391 2887132 3555
392 2890687 4298
393 2894985 3250
394 2898235 4859
395 2903094 2033
396 2905127 5201
397 2910328 24072
398 2934400 4066
399 2938466 4335
400 2942801 240
401 2943041 2495
402 2945536 15685
403 2961221 3232
404 2964453 4284
405 2968737 2775
406 2971512 2570
407 2974082 21545
408 2995627 4252
409 2999879 16620
410 3016499 4327
411 3020826 17222
412 3038048 2175
413 3040223 13095
414 3053318 9858
415 3063176 5336
416 3068512 5641
417 3074153 3078
418 3077231 9075
419 3086306 5684
420 3091990 7180
421 3099170 6915
422 3106085 6726
423 3112811 5277
424 3118088 29592
425 3147680 3367
426 3151047 4013
427 3155060 5594
428 3160654 2746
429 3163400 7700
430 3171100 2016
431 3173116 2394
432 3175510 3095
433 3178605 4464
434 3183069 3119
435 3186188 2738
436 3188926 3892
437 3192818 21342
438 3214160 5793
439 3219953 7502
440 3227455 4731
441 3232186 2024
442 3234210 6285
443 3240495 2563
444 3243058 2300
445 3245358 13949
446 3259307 4739
447 3264046 1912
448 3265958 5711
449 3271669 2365
450 3274034 2513
451 3276547 4717
452 3281264 3666
453 3284930 9219
454 3294149 7601
455 3301750 4239
456 3305989 5365
457 3311354 3084
458 3314438 16051
459 3330489 6110
460 3336599 4449
461 3341048 2351
462 3343399 2773
463 3346172 2097
464 3348269 2561
465 3350830 13089
466 3363919 7389
467 3371308 2115
468 3373423 6332
469 3379755 12456
470 3392211 5968
471 3398179 5337
472 3403516 7480
473 3410996 2332
474 3413328 3247
475 3416575 2555
476 3419130 17604
477 3436734 4170
478 3440904 5327
479 3446231 2434
480 3448665 2416
481 3451081 7295
482 3458376 4728
483 3463104 3713
484 3466817 1951
485 3468768 4579
486 3473347 2777
487 3476124 4457
488 3480581 5239
489 3485820 22548
490 3508368 22351
491 3530719 3775
492 3534494 2848
493 3537342 2534
494 3539876 17094
495 3556970 5144
496 3562114 3403
497 3565517 1663
498 3567180 2610
499 3569790 3608
500 3573398 14657
501 3588055 3896
502 3591951 13019
503 3604970 4688
504 3609658 3506
505 3613164 2024
506 3615188 2550
507 3617738 15031
508 3632769 3622
509 3636391 2563
510 3638954 2861
511 3641815 4740
512 3646555 8343
513 3654898 6792
514 3661690 9504
515 3671194 3853
516 3675047 4016
517 3679063 7779
518 3686842 21671
519 3708513 9867
520 3718380 7116
521 3725496 5254
522 3730750 5263
523 3736013 6114
524 3742127 5988
525 3748115 6060
526 3754175 3648
527 3757823 4423
528 3762246 4823
529 3767069 4770
530 3771839 5105
531 3776944 2558
532 3779502 2360
533 3781862 4759
534 3786621 21976
535 3808597 1515
